4141331
4376706
4730710
2655992
3174333
424992
4390529
2554671
2033879
2147488
4646901
1410001
1412319
3994465
113537
2370313
319051
1684787
3223525
3224585
603687
3257461
3114641
3242503
2622721
2643073
3037517
2139082
749876
3573601
3419816
1949878
2217453
2184433
1103080
199954
3601599
904317
3691061
3829376
2585921
1521793
847564
3429679
1572953
1032501
4558087
2673401
4468221
4207986
159585
2567411
3669753
884457
3225971
1073
3099905
3582656
1696276
1810065
4137061
136321
506077
3982185
1727801
4454369
3399493
2154461
265251
1672543
3134496
153817
2398240
817296
1860245
3313059
2564991
1441601
1021756
1660271
3954977
3189741
1198557
3886435
1426561
4647219
152493
2904519
1234151
712115
507592
2753701
2288857
2608885
3577822
486541
3928733
3377027
2334056
2745551
3409245
2584977
814370
1251536
2394011
2293473
3420905
340424
117217
3805516
34557
3407546
3131361
4950026
3564347
2375916
3164501
2525114
1911914
2439467
4254050
4985501
4230311
1598391
1727289
968677
3835727
2977573
2037369
1797313
3367237
332881
2940097
2853909
2488779
551640
4519021
2609929
1008213
4400205
3055861
1395751
364777
91561
4159869
3326427
4710401
2307361
3775913
4956481
3784162
2119618
4610323
1762811
4259001
3557241
4279831
3073395
2131505
3136377
2262504
3437249
3306522
929477
3754011
1687597
1656733
479187
4733409
4822871
1894451
1319725
3198265
3043861
2745345
970961
261297
2922501
1718705
1612649
1758007
2857692
1091132
4600511
518537
4339445
4364838
514607
3745601
4684742
2000083
259715
3838891
2954805
4090784
1522253
2734857
2577596
3455251
376606
2536301
3936745
2409969
2678493
2637283
1319589
2249101
2245569
4631780
4076411
2420117
3951123
2590437
43063
1064401
1368465
262751
3571301
33602
4964801
642426
1287105
2802221
4880899
864581
1075793
1891523
382689
3020936
1543489
302134
2059321
2904169
3981975
3122349
1541521
4323843
2158039
1462461
3071425
4024980
1304721
3123751
2692664
166641
2557109
3959381
1645513
164051
1731667
2711507
1540307
1497791
4656355
3610779
2007181
740566
846369
4089113
2780551
2116065
3148161
993604
3577170
2379598
138557
170002
2690870
2914169
1363305
1716474
919729
3754830
4136521
3780545
2384601
4581161
421125
4142910
1775185
1326225
3450506
3344875
3053103
743542
1608185
4867196
3546669
3211281
2185929
3351051
1076023
1884017
2684065
4284686
2002234
3988675
4309651
922497
3390102
2583785
1675141
940561
3837932
563217
3273036
1930486
4435089
3269521
4017385
4464153
1636249
473719
4242913
3572961
1640652
2692983
3495258
1143213
4509233
2934321
2256087
4887111
507730
4524014
2322825
1094421
4254336
3705601
4921899
4891604
4310419
3279715
4916713
4820401
3250751
586417
4795441
2993531
3377601
65630
1537631
3776837
450009
1534139
3159889
4593387
700349
1768931
4683298
1900966
3350903
1614889
185569
2424826
4751859
2390321
4671087
3838199
4637121
3791026
559971
1806134
2544351
1230001
167525
3842904
3278361
3338996
1854403
4371272
1569941
2725299
4944794
1532401
3550401
4238403
3065891
2816391
1809205
2236211
4300825
535355
2914071
4362227
619439
1794493
912676
1707597
2014667
1462951
4393973
1967009
4694337
1924529
3539546
3133611
1143409
44893
1391392
1019661
2487107
822329
4854460
1820721
1721185
3257503
1397521
4017827
1027501
1889281
2783016
796329
3577460
1141201
1795231
3171170
4443877
568676
1949301
2444850
2727248
2575521
259993
3524018
1005405
2962693
4136337
1907810
1608321
3994157
3975878
1591209
220549
1213639
396699
2616388
3088616
3364671
4621576
1811171
1465238
19851
1229781
1579741
433811
713643
217523
3566336
4217279
4679299
4212605
865658
2569561
975169
1610451
1352391
4574449
983393
3890126
4758605
4765633
4904458
3810121
1312319
1467296
4237845
2625618
1960233
2026550
3226728
4374097
4512256
861317
539116
1858776
3217540
4617732
3009793
4134689
3663589
2534867
568456
4355845
4893436
3100738
3691196
2992865
1178764
3926165
1985930
1389187
399245
3908919
2659402
2158591
3658617
1919877
3955671
4329481
4050592
1326705
2629171
1325001
3339745
4211026
684513
3907411
2466952
1806716
1219615
2252679
645184
1239452
123809
4058989
4162378
615701
105558
113367
3961345
157377
2466291
1296406
3241073
2186036
4112151
3357334
1890765
2238871
4051296
3600277
210016
3234261
2671876
2322391
1597984
4484027
4481001
4950629
4891641
1948034
2618392
3234231
643420
991129
374486
4959247
3725045
392650
4657793
4579489
519439
3917661
2974721
2014095
848741
986076
428453
241337
486006
2034801
1210473
1231462
3228486
2102161
1500375
4664886
4128549
3302375
4418751
3507761
1632583
2216209
4107821
3056553
3075531
3506961
2056657
1361916
3661030
2850701
2911289
4093626
1249149
3041430
4622815
3977290
631726
4164417
1193504
2408601
1041317
3739506
2444745
554356
3510143
2143706
4569727
711731
4810092
3290756
4991157
2465621
1784529
2485361
4186902
1720281
642123
2324446
732805
3900276
2187873
1046855
3570337
2151349
2746145
302121
2062518
4042317
2473473
4333441
837009
4081651
1106019
2391341
3979041
2821974
2555981
3466786
741569
3362824
2354677
3381009
3128883
2416862
67102
2870671
2508183
1031076
1781185
1674601
2581265
1211775
4301262
1690001
4344493
3583145
4861244
707521
2808151
4155471
399864
4323327
2355755
2268801
1228661
2860353
4575828
2628701
2823485
4806593
1424801
2422653
4622360
1448846
4236137
4169798
3888283
1859417
4321945
299005
2500893
732961
4170841
2961577
2451023
1333105
2183589
2539011
19483
2457178
45051
199251
2115381
3397799
2837155
2680299
1015290
4316311
4854276
3058258
2811161
996668
2424361
2186145
2306293
4865904
4478708
3503348
1716679
2930257
190387
1803923
732058
1023090
48907
2541934
3142866
1353536
4538261
274376
2144585
3824602
664171
2665625
2431301
2129851
4975137
1757086
614653
1744707
4979161
3895065
69527
2323398
1045046
676441
4393464
3717891
544841
4256611
681217
2885251
2563293
2984471
4925273
131602
1879206
1351123
3376875
4019711
2461765
278810
4575601
2352272
1556719
1810741
2705728
1277071
47329
861271
532014
2265406
687918
4355325
4232682
2125621
4076526
3710001
3182119
4185045
3103867
1876407
2208825
2487461
2272659
4057376
2432017
4894883
3776126
76880
888433
4600211
373985
1702573
4707822
2456781
3286601
946391
2323773
1019798
2569395
2425395
1227201
2141279
2248951
4537371
2149793
2102629
763157
773413
1698615
1959151
1093021
224329
4762405
384851
359740
3080601
367406
2117621
4988801
3960738
828289
2045293
3284849
4060225
1410629
392853
4956225
2037452
4596236
4244014
4969571
4761280
4151573
1832761
3017681
2117867
2875845
3839009
549959
1980131
247877
2300961
303981
4627027
4322901
2568961
1834205
935377
1334817
4968308
4604047
1843699
4155198
87166
4264705
1172241
602611
951407
1184550
3446131
4955941
3043413
4382953
4556829
3372216
1136328
4385001
868851
20541
1238762
1576883
2504111
97908
2261519
3907265
4697441
2130517
3500973
1267502
3331571
2457207
4320379
90816
4474609
3843725
1873721
1052429
4089725
3036793
3697841
11281
3225226
77375
2581343
2049396
631048
2834865
4065451
1402941
183729
575713
1687250
2589615
901531
1570404
3088331
1311846
616981
2520160
2896711
4874723
549324
3817457
3733966
4690491
978501
4252281
2566465
1488001
1837075
147881
2863733
3562913
3308315
4137606
3854940
4869939
971835
4754466
360391
2062811
4881869
1428271
2736161
4119429
3287659
182581
2711125
3114881
1831141
3007648
2950289
3592649
3585107
540976
4758268
3887041
823255
72401
1615340
3372076
4508292
4125345
4948906
3388801
1606745
996768
1598541
197955
4090585
3177109
720760
227981
421801
2774389
1953176
2457722
3091129
1323490
3283265
3811313
3911561
3452223
3937861
1083691
3628963
2713121
2966801
3601316
4779860
2655434
1879505
2776209
4543625
2104377
4168225
1529953
3901201
2571725
2343802
128626
260469
4552289
4212726
817421
609761
3732314
4005398
3073913
623776
4064144
1103051
2276273
176019
423559
536126
4943745
2502245
2133997
2446401
3797291
2511073
3104641
115893
4473601
4452296
3653216
2736516
1938433
1060421
1160873
2006892
2276130
4116097
4847577
580637
4992073
211873
3863105
2499361
3668751
1076197
1295801
1934431
2660825
4057834
2501626
3421249
4738679
4002840
1248166
2822309
3243141
719083
3560877
1186395
1574197
1545905
586759
4256505
4934829
3803403
2434871
3938705
2563849
666729
1019445
4705489
1634566
4383156
524421
3830005
1573265
1341601
80471
3956831
461058
536940
3563875
498605
170792
1963539
4206221
4020904
534425
1716425
3117244
1518378
580103
2514315
3198609
2889545
1894241
3296856
3318821
1537613
562731
3278049
1261708
894487
1924181
3503765
4950622
981171
644261
2053923
2718913
1451786
2006721
615551
86891
1706585
190973
3308009
2752267
1315751
130301
4374714
3718729
3948821
3084860
4858909
4878950
1872641
3738463
1987681
1288321
1808379
208236
2460011
2593171
3023161
2630578
1070278
3451301
3376186
745099
2533952
3887585
1709545
1973865
3007376
1352806
1356764
3286510
1098821
3782361
3148437
3944441
845146
1855478
4038501
3328762
4623855
2040531
1898577
304533
2153178
4848198
770480
4526881
1097657
4465095
266145
4663737
2043149
2535337
4061971
415778
674385
2385840
3971598
2437425
546281
850667
2374553
3126815
921556
145306
2682061
11097
1011628
3261501
3272251
3003161
9541
3360471
2870505
3970950
101108
1688833
2561057
2769877
3050287
1764123
4334423
688074
763561
1534337
3422081
622330
1603809
4063389
3090519
3363768
4192101
4755185
2668774
201441
1117793
4106754
4328324
3989761
1962161
1150401
2393377
1807463
1639390
4821108
2579589
1436359
980881
2156935
3487379
1247469
3582929
1757016
860085
2517851
2474455
3858441
1065609
595712
1604618
1444506
4189665
3620593
4405101
4642775
3185615
1080915
4971545
1315861
2609557
704001
1138757
280283
423980
3026753
3190193
3544376
4221057
2938656
2682225
2087514
3750956
616733
21222
2198713
3357001
289153
1461581
1997249
3711846
2183317
2936455
4148897
1749881
619201
3156193
4928425
3195055
2383725
2741451
831533
957927
2433079
3934651
1033101
4814580
1686318
3791319
3713198
690913
2223253
4942785
3567970
2241601
2892781
1468334
580557
245825
2500472
3900797
3554466
390683
608273
1843648
4686249
1196841
1191947
4698241
1494800
4610817
3184971
1982000
3494877
4413755
1760337
2404009
4111289
1410522
1640904
1918834
1491517
4358137
326781
4810216
4728492
169695
2683641
3849881
1031001
3967451
1006054
335801
2582003
768231
4151622
3655446
2569191
4690251
4848573
3407786
2640097
3175701
2960604
47588
2680212
1308371
646913
511220
1655976
1122349
922958
1761665
4435158
3274476
3079082
232959
3417039
2543921
3011421
1247737
4519173
2930217
3541893
1556081
1020488
2606925
2334239
2160921
2489167
2744344
553628
3516625
4188886
4796066
1536013
339361
317476
1819678
259833
2274132
2245537
2861121
3752663
845135
4208421
1058401
2024921
3644175
4762415
433518
3571209
2098932
2441949
34058
1822215
4473977
648193
3921290
696283
2245433
4516189
398409
4263601
3021045
2223643
1988501
4823105
4767142
2487442
639313
2704001
1325488
4867774
2503851
3495421
3864513
2529572
1292050
2264065
2153917
2791161
2609377
545272
990260
3679261
1996027
1759029
4845953
4849752
3108513
2667831
3619115
2825017
4595241
2066619
2126701
3084525
1929551
679563
849980
354671
104408
73226
1109691
3541876
3579359
2732581
3019681
2683810
4989913
2059470
3639001
4014665
2996129
2612081
731293
4990235
2905929
3278961
1331426
2242857
830921
4684485
4540071
356426
4374209
2565014
898633
594441
3479224
4984315
242097
3691377
1633943
4666385
1177967
1760345
1893424
2194673
33257
1883527
4502633
1961182
3089017
2512073
1908159
3496193
2129267
1896207
877357
2602801
3645421
1359751
4683223
3083681
594563
1590321
3664645
1722887
243569
4138988
261862
2287531
3695721
1348971
1930957
3754837
1066550
4105019
1590001
3195440
1171521
3140119
3162289
3731540
4178777
4258883
2505565
888322
3016849
2396407
4446963
574153
4083236
2217346
133366
4176580
2368275
3271441
4582247
4439171
106410
3266653
3304129
4517677
343329
1698959
4447501
3338153
4914385
1157601
3204697
2027168
4637927
3985749
4905771
4372961
955092
4014945
4679441
2166050
4915589
287889
3896926
51319
1499781
2370911
4089965
2710581
2159262
1749614
4332600
4111186
2632965
1052777
1459153
637007
4401576
3063925
3049329
2088171
3824904
2433440
4084961
4402078
4503376
4418089
4061743
3313905
386309
1226101
4887691
4714211
4297161
645766
1174107
853681
4078711
3045595
4070423
255480
1950579
1205454
19018
136568
1516509
4819205
3293137
1723801
3377296
120462
1403203
2676465
4318426
308636
3666419
3692487
724559
2387207
77299
192481
2896129
4231457
4026211
2805401
4977355
2391511
76743
1451344
2824701
1499705
3315615
2181341
3923457
907296
4032273
2092091
4376
2822511
4660081
160717
4904977
71913
1674569
4189348
1499027
1289201
3514017
2723433
1517873
1069333
3197851
4349631
4554295
2355163
2793311
4501152
1976521
3317113
768459
216044
4832285
2023881
1664410
3297041
3979345
2377313
1761579
1724293
1339461
899555
4769265
1706655
2982166
3929952
4461
600105
1082987
1616046
37406
3149229
2824398
638505
1013773
115025
918889
1115239
1883197
1861593
1404701
753072
645257
4550922
4390192
4325361
1109159
4816333
2614497
2182445
1762191
2032697
4336553
429656
4189208
4103015
438852
1598751
4497461
756599
891721
3085020
4045837
430415
1072454
90689
3334418
757015
3149857
3940711
1429249
2498471
474917
4510593
705187
2179865
1486339
2607424
1847601
3346349
4358489
3577090
2156071
424907
2259088
2169956
966101
1168893
1975497
1248727
1157851
121440
4074689
1134699
2700409
1264621
2775361
2708881
3623207
4867355
3053058
4094114
2178914
390111
4085151
1686905
4383276
3858329
3474275
4448557
910781
4463681
1361213
4733273
4322734
4258369
4129951
155114
2494919
4016051
1926553
3183649
2175180
3512519
2318140
815281
123821
2601751
2558372
3206227
3870001
1580905
900649
4228851
887433
1856129
228566
2247208
121550
2739796
1129161
746503
3970515
310197
1512727
1201953
3623651
2099816
3518336
2774041
1308956
1950351
3097981
1034566
2860323
4546549
1302409
4523831
2241544
426609
2292571
1790231
4558125
3730645
336035
941089
51061
1909537
1312486
1832200
4277007
4567409
747556
1170739
4120791
3137534
1240777
444038
4740050
2618053
1056911
4171367
1998007
2456451
2824269
4788097
1429602
3166865
4828671
1412408
1682722
86201
2904101
1937601
4608238
3971395
4810497
758345
4457481
1048487
1407652
2884221
42277
1912391
512973
3268785
3059031
513425
2602697
4993030
761137
457002
1657681
498965
19041
4936271
1834180
3182201
1010081
1737286
126035
4482151
1943235
33219
3292680
2626521
1312521
2915737
4391411
198046
2690766
1584127
3406845
491649
3670401
1219684
2388809
634276
625065
3509601
2592806
1423220
4271119
4968163
10695
4787488
1583123
2889469
1199585
509601
4401761
713763
3743106
412867
619451
2646231
999951
4891124
3003557
4041601
4929053
2406950
680245
1381009
3297287
4441817
4260401
2309041
3326933
2028763
3550935
1787770
1234041
215921
4077376
3351606
2762821
1598974
2595937
100885
4815662
2424517
1585077
3722849
3742258
451863
1947985
1987015
551800
4972248
3375843
4380344
4154511
1046133
990813
1923172
403397
2865661
2187421
1835251
3122008
3134629
4291301
1739401
322085
1331777
995993
557781
2436798
1479411
2522465
1761523
4140697
819962
4825557
992547
1992020
1117796
1785444
2476243
615404
736535
2008338
2967332
965633
1687968
290096
1288471
1744039
1149683
61466
1486031
4512848
1678145
455401
2226207
3491553
1196634
1585001
4844991
334630
660106
4995661
3136919
2912649
2653666
2663161
2461117
3151861
4340481
2668483
2027888
3520367
834305
233921
3116168
3932133
429231
1838369
2638119
3814820
3629834
4349927
1312621
4259277
994042
3234107
1589426
119069
496745
1849560
1015855
2385979
1234947
2500021
4305003
823337
962611
4248101
4475921
1236381
651297
3513341
2657721
2886102
1285225
1201089
1506623
4232001
4193761
4456671
2523386
1389599